USA
332034477
23177382
386412
273838642
India
10493457
1387197365
151522 
182652887
Brazil
213361968
8146823
203735
28600000
Russia
145967845
3448203
62804
94289973
UK
68075660
3164051
83203 
61160735
France
65350478
2786838
68060
38243665
Turkey
84819887
2346285
23152
26555992
Italy
60414339
2303263
79819
28124690
Spain
46764440
2111782
52275
28775103
Germany
83926610
1950885
42676 
35118592
Colombia
51170251
1801903
46451 
8726048
Argentina
45415745
1730921
44654 
5260563
Mexico
129650576
1541633
134368
3879629
Poland
37824476
1395779
31593
31593
Iran
84561711
1299022
56360
8262166
South_Africa
59704348
1246643
33579
7236389
Ukraine
43593031
1124430
20019 
5733555
Peru
33214648
1037350
38335 
5681038
Netherlands
17155075
883135
12563 
6352647
Indonesia
275056210
846765
24645 
7991379
Czechia
10719570
844799
13485 
5114219
Romania
19168926
676968
16881
5048928
Canada
5048928
673019
673019
14646158
Belgium
11616463
665223
20122
7315972
Chile
19203271
649135
17182 
6981084